053006489704801005062004000500600070030000810600390500370080650085003047400070300
960800170300006009000570800004005002030040068700308000070054000090600053008103900
200069048000300270070021690400600500803017000500002006790103002040906700608200100
058007304004010065106400070005008900680900130070600400007040002041876000800500041
060037049009060003000900820001000092900001600630094075400076080306428000007500300
040965800006028107030700650350010080200000904004002030700000408001004270000180090
050037240106420000200905003400009030060014050002070090023000509090750300600001027
006407301010030005800019400040000120000208007507006800102064000085700090000500210
008900005600780000090000604023000700500000902000207058380005090007690040400072563
040200800000687040096005703600004200008503090725000300500098002004000908083740060
050009100009160002280040690098020006006780020400000801100600070820405300060072500
020080006000709500605000094000350029540008100010020758100030045004002037203507080
100890000045201908080300006400580030800006200090043005020075300506100090004030052
000040850700810006308000007009005160570003002003001074040702300030100025005030001
612003905300000027407002000000304600500620090004097010070205000058006301900070002
001020008640000007090603200400310020003082096920460000037200809060095300000038610
050080032140600000070002650008400070501060203000031800009000506400090300607205084
000900047004000206007600950035087094198000000740002800670009000400850063500040020
005640089079053020000008107100026700000070501087300000461700800508000070020500600
006275389300080005000300602090002006030009208005040031600700090000058103812093000
