001003490350091002000005008600012000200009083004300000006020900002030000030000600
006002000004003008008000250040500020002004030500706000005007010723185004800300000
000090050420001609800200470000640700000000008004900000002060500008504901000073000
000030000000040080040200370000020008000000100190708063809100246400600090710000000
000000140000000200024009080908061400000040010000002600205100900401205067089070000
820000000003005000500840090000129000970003800064000000031500007400300020208004103
000700060000598000300061007200010000490005730603000058006000009000340086000980400
000000064000200008703000050000000015628003007005607000030708021800190306000002070
700830006006009810000600007200973040000001020080000900000462000004000082930000000
000100000000025000800300107267000903000600015100930406050060000000509374000700000
002050001000034000408600000080013740000500016103007502000080200000001600060740000
005024000600003080840060000203019604060000000009006000050002000304100000010080250
089057210000008007700004000000801009000002400400000008040005800010006040260070150
000200070045800000308004000900000520007040009100059003000090201409000000030700000
000030006700000000060000000004003008900840007005600309096480703000390000302075060
180040002900503100035080400000005000040721900009400780000000007010078000000200030
600081003000400000000369000000070000000106000090000615700000048405003700060500309
007020035052004801000003060006000000000002007105040600500701400004006018800005020
040086070003200800008007035090020000000510020000604300200400000100060742500070000
500009360000700080060801000046905001903086000001030000080300006400017000000040010