790403000230000000001020000020050100003001000000296040000040705340600000907100000
000596030000000207009000504300900708000065000000804000000083000700600900006740300
001000600900308004203004070720100408000400100000060039400000090006070000000000806
000080030780010000005009000270000001009003006000067089000700000013802090000005000
000100600902060710000790002600009000700201030001300000060000097004020000007000265
000500006400000000010000008085960200030400050040000900006200309091030060000009100
000002400006070029030019600400008300000743000000100002003060080000030200902001006
007006001608000350000000004843000000001080000070004609509007400000000010080005700
010000004000098000000000030000089000208401003300700600000006000006130900832040001
020600500090070004507402100000000800006100000000007400080009601401206070900000000
006020000805100000120000000001004000700001069400050082900000000010600800082705900
050000400900003806200000000000000705600049003070020090000006307060200050500007040
839041005001000000000020000200500708400087900003000000047010800050203000100000000
800004000006095000050180000000047680400900000005060010070800004309000006000030150
000000000000031000910574600706003000090000500504006030005090007008000000600017400
010003807270100000000040000000006000360007480009000701000090270040201003030000000
000005080006000090981000070008000006070300000000000030000160009010050300430900500
000400908001980067090570300004000000976000000310000470700830000560000000000095030
004003000000020006000900200100060000040010783028090010900001300002006090003000107
000902010302010004004006900100400205000005049700600000000500000506000002000000036
